data,sequence length,k,total k-mers,unique k-mers,positive queries,negative queries,number of buckets,insert time,number of failed inserts,lookup time,number of false negatives,false positive rate,remove time,number of failed removes,seed,memory consumption
ecoli,4641652,10,4641643,898115,10000,10000,236346,0.138305,0,0.005283,0,0.000200,0.113268,0,seed: 42,memory consumption: 1843216
ecoli,4641652,20,4641633,4561265,10000,10000,1200332,1.142948,0,0.008894,0,0.000200,0.796126,0,seed: 42,memory consumption: 8970256
ecoli,4641652,50,4641603,4578840,10000,10000,1204957,1.307970,0,0.009054,0,0.000000,0.965862,0,seed: 42,memory consumption: 8970256
ecoli,4641652,100,4641553,4588610,10000,10000,1207528,1.778247,0,0.010715,0,0.000100,1.330180,0,seed: 42,memory consumption: 8970256
ecoli,4641652,200,4641453,4598333,10000,10000,1210087,2.108278,0,0.012830,0,0.000200,1.858872,0,seed: 42,memory consumption: 9093136
artificial_len1000,1000,10,991,991,991,10000,260,0.000263,0,0.002832,0,0.000200,0.000144,0,seed: 42,memory consumption: 2416
artificial_len1000,1000,20,981,981,981,10000,258,0.000200,0,0.003555,0,0.000100,0.000152,0,seed: 42,memory consumption: 1936
artificial_len1000,1000,50,951,951,951,10000,250,0.000221,0,0.003970,0,0.000100,0.000183,0,seed: 42,memory consumption: 1936
artificial_len1000,1000,100,901,901,901,10000,237,0.000263,0,0.004511,0,0.000100,0.000270,0,seed: 42,memory consumption: 1936
artificial_len1000,1000,200,801,801,801,10000,210,0.000312,0,0.005717,0,0.000100,0.000287,0,seed: 42,memory consumption: 1936
artificial_len2000,2000,10,1991,1989,1989,10000,523,0.000312,0,0.003081,0,0.000100,0.000273,0,seed: 42,memory consumption: 5776
artificial_len2000,2000,20,1981,1981,1981,10000,521,0.000321,0,0.003993,0,0.000100,0.000275,0,seed: 42,memory consumption: 4816
artificial_len2000,2000,50,1951,1951,1951,10000,513,0.000454,0,0.004336,0,0.000100,0.000331,0,seed: 42,memory consumption: 3856
artificial_len2000,2000,100,1901,1901,1901,10000,500,0.000492,0,0.004848,0,0.000200,0.000418,0,seed: 42,memory consumption: 3856
artificial_len2000,2000,200,1801,1801,1801,10000,473,0.000651,0,0.006221,0,0.000100,0.000601,0,seed: 42,memory consumption: 3856
artificial_len5000,5000,10,4991,4984,4984,10000,1311,0.000764,0,0.003874,0,0.000100,0.000629,0,seed: 42,memory consumption: 11536
artificial_len5000,5000,20,4981,4981,4981,10000,1310,0.000764,0,0.005017,0,0.000100,0.000652,0,seed: 42,memory consumption: 11536
artificial_len5000,5000,50,4951,4951,4951,10000,1302,0.000909,0,0.005479,0,0.000400,0.000765,0,seed: 42,memory consumption: 11536
artificial_len5000,5000,100,4901,4901,4901,10000,1289,0.001132,0,0.006037,0,0.000100,0.000982,0,seed: 42,memory consumption: 11536
artificial_len5000,5000,200,4801,4801,4801,10000,1263,0.001610,0,0.007770,0,0.000100,0.001514,0,seed: 42,memory consumption: 11536
artificial_len10000,10000,10,9991,9940,9940,10000,2615,0.001415,0,0.005095,0,0.000000,0.001208,0,seed: 42,memory consumption: 23056
artificial_len10000,10000,20,9981,9981,9981,10000,2626,0.001486,0,0.006597,0,0.000100,0.001222,0,seed: 42,memory consumption: 23056
artificial_len10000,10000,50,9951,9951,9951,10000,2618,0.001776,0,0.007274,0,0.000100,0.001515,0,seed: 42,memory consumption: 23056
artificial_len10000,10000,100,9901,9901,9901,10000,2605,0.002326,0,0.008083,0,0.000100,0.002031,0,seed: 42,memory consumption: 23056
artificial_len10000,10000,200,9801,9801,9801,10000,2579,0.003282,0,0.010219,0,0.000100,0.002993,0,seed: 42,memory consumption: 23056
artificial_len50000,50000,10,49991,48835,10000,10000,12851,0.006611,0,0.005110,0,0.000000,0.005663,0,seed: 42,memory consumption: 122896
artificial_len50000,50000,20,49981,49981,10000,10000,13152,0.007189,0,0.006529,0,0.000000,0.006072,0,seed: 42,memory consumption: 122896
artificial_len50000,50000,50,49951,49951,10000,10000,13145,0.008777,0,0.007296,0,0.000200,0.007628,0,seed: 42,memory consumption: 122896
artificial_len50000,50000,100,49901,49901,10000,10000,13131,0.011318,0,0.008185,0,0.000000,0.010055,0,seed: 42,memory consumption: 122896
artificial_len50000,50000,200,49801,49801,10000,10000,13105,0.016378,0,0.011331,0,0.000200,0.015404,0,seed: 42,memory consumption: 122896
artificial_len100000,100000,10,99991,95322,10000,10000,25084,0.013036,0,0.005152,0,0.000000,0.011151,0,seed: 42,memory consumption: 245776
artificial_len100000,100000,20,99981,99981,10000,10000,26310,0.014604,0,0.006651,0,0.000200,0.012581,0,seed: 42,memory consumption: 245776
artificial_len100000,100000,50,99951,99951,10000,10000,26302,0.017572,0,0.007394,0,0.000100,0.015671,0,seed: 42,memory consumption: 245776
artificial_len100000,100000,100,99901,99901,10000,10000,26289,0.022570,0,0.008155,0,0.000200,0.020995,0,seed: 42,memory consumption: 245776
artificial_len100000,100000,200,99801,99801,10000,10000,26263,0.032950,0,0.010502,0,0.000000,0.031393,0,seed: 42,memory consumption: 245776
artificial_len500000,500000,10,499991,397754,10000,10000,104672,0.061610,0,0.005227,0,0.000200,0.048429,0,seed: 42,memory consumption: 798736
artificial_len500000,500000,20,499981,499981,10000,10000,131573,0.091553,0,0.007009,0,0.000400,0.064606,0,seed: 42,memory consumption: 983056
artificial_len500000,500000,50,499951,499951,10000,10000,131566,0.110586,0,0.007840,0,0.000100,0.081469,0,seed: 42,memory consumption: 983056
artificial_len500000,500000,100,499901,499901,10000,10000,131552,0.133617,0,0.008702,0,0.000100,0.109627,0,seed: 42,memory consumption: 983056
artificial_len500000,500000,200,499801,499801,10000,10000,131526,0.189686,0,0.010630,0,0.000000,0.167837,0,seed: 42,memory consumption: 983056
artificial_len1000000,1000000,10,999991,644941,10000,10000,169721,0.104200,0,0.005737,0,0.000000,0.079135,0,seed: 42,memory consumption: 1290256
artificial_len1000000,1000000,20,999981,999981,10000,10000,263152,0.201786,0,0.006699,0,0.000100,0.132479,0,seed: 42,memory consumption: 1966096
artificial_len1000000,1000000,50,999951,999951,10000,10000,263145,0.219659,0,0.007483,0,0.000300,0.170411,0,seed: 42,memory consumption: 1966096
artificial_len1000000,1000000,100,999901,999901,10000,10000,263131,0.277837,0,0.009205,0,0.000000,0.227039,0,seed: 42,memory consumption: 1966096
artificial_len1000000,1000000,200,999801,999801,10000,10000,263105,0.400699,0,0.011228,0,0.000000,0.335895,0,seed: 42,memory consumption: 1966096
artificial_len5000000,5000000,10,4999991,1039671,10000,8905,273597,0.211347,0,0.005906,0,0.000000,0.128570,0,seed: 42,memory consumption: 2088976
artificial_len5000000,5000000,20,4999981,4999967,10000,10000,1315780,1.256796,0,0.008832,0,0.000100,0.909010,0,seed: 42,memory consumption: 9830416
artificial_len5000000,5000000,50,4999951,4999951,10000,10000,1315776,1.411333,0,0.009714,0,0.000300,1.069118,0,seed: 42,memory consumption: 9830416
artificial_len5000000,5000000,100,4999901,4999901,10000,10000,1315763,1.744843,0,0.008988,0,0.000000,1.383688,0,seed: 42,memory consumption: 9830416
artificial_len5000000,5000000,200,4999801,4999801,10000,10000,1315737,2.373278,0,0.013411,0,0.000100,1.996914,0,seed: 42,memory consumption: 9830416
artificial_len10000000,10000000,10,9999991,1048488,10000,88,275917,0.191038,0,0.002794,0,0.000000,0.149048,0,seed: 42,memory consumption: 2088976
artificial_len10000000,10000000,20,9999981,9999928,10000,10000,2631560,2.947078,0,0.008410,0,0.000400,2.012332,0,seed: 42,memory consumption: 19537936
artificial_len10000000,10000000,50,9999951,9999951,10000,10000,2631566,3.157427,0,0.009302,0,0.000300,2.271117,0,seed: 42,memory consumption: 19537936
artificial_len10000000,10000000,100,9999901,9999901,10000,10000,2631552,3.736070,0,0.010310,0,0.000200,2.903006,0,seed: 42,memory consumption: 19537936
artificial_len10000000,10000000,200,9999801,9999801,10000,10000,2631526,5.456167,0,0.013068,0,0.000000,4.154636,0,seed: 42,memory consumption: 19537936
