data,sequence length,k,total k-mers,unique k-mers,positive queries,negative queries,number of buckets,insert time,number of failed inserts,lookup time,number of false negatives,false positive rate,remove time,number of failed removes,seed,memory consumption
ecoli,4641652,10,4641643,898115,10000,10000,236346,0.136197,0,0.006636,0,0.000100,0.131426,0,42,2097152
ecoli,4641652,20,4641633,4561265,10000,10000,1200332,1.278920,0,0.011492,0,0.000000,1.306419,0,42,16777216
ecoli,4641652,50,4641603,4578840,10000,10000,1204957,1.518628,0,0.011575,0,0.000100,1.435473,0,42,16777216
ecoli,4641652,100,4641553,4588610,10000,10000,1207528,1.871665,0,0.013143,0,0.000000,1.823934,0,42,16777216
ecoli,4641652,200,4641453,4598333,10000,10000,1210087,2.583135,0,0.016286,0,0.000300,2.547954,0,42,16777216
artificial_len1000,1000,10,991,991,991,10000,260,0.000334,0,0.003565,0,0.000000,0.000170,0,42,4096
artificial_len1000,1000,20,981,981,981,10000,258,0.000247,0,0.004870,0,0.000100,0.000223,0,42,4096
artificial_len1000,1000,50,951,951,951,10000,250,0.000310,0,0.005341,0,0.000300,0.000268,0,42,2048
artificial_len1000,1000,100,901,901,901,10000,237,0.000362,0,0.006155,0,0.000100,0.000344,0,42,2048
artificial_len1000,1000,200,801,801,801,10000,210,0.000429,0,0.007713,0,0.000000,0.000387,0,42,2048
artificial_len2000,2000,10,1991,1989,1989,10000,523,0.000315,0,0.003879,0,0.000000,0.000297,0,42,8192
artificial_len2000,2000,20,1981,1981,1981,10000,521,0.000429,0,0.005326,0,0.000000,0.000415,0,42,8192
artificial_len2000,2000,50,1951,1951,1951,10000,513,0.000512,0,0.005851,0,0.000000,0.000478,0,42,8192
artificial_len2000,2000,100,1901,1901,1901,10000,500,0.000705,0,0.006645,0,0.000100,0.000626,0,42,4096
artificial_len2000,2000,200,1801,1801,1801,10000,473,0.000876,0,0.008407,0,0.000100,0.000823,0,42,4096
artificial_len5000,5000,10,4991,4984,4984,10000,1311,0.000734,0,0.004857,0,0.000000,0.000720,0,42,16384
artificial_len5000,5000,20,4981,4981,4981,10000,1310,0.001056,0,0.006591,0,0.000000,0.000968,0,42,16384
artificial_len5000,5000,50,4951,4951,4951,10000,1302,0.001228,0,0.007178,0,0.000200,0.001161,0,42,16384
artificial_len5000,5000,100,4901,4901,4901,10000,1289,0.001588,0,0.008156,0,0.000100,0.001482,0,42,16384
artificial_len5000,5000,200,4801,4801,4801,10000,1263,0.002248,0,0.010409,0,0.000000,0.002182,0,42,16384
artificial_len10000,10000,10,9991,9940,9940,10000,2615,0.001397,0,0.006391,0,0.000000,0.001365,0,42,32768
artificial_len10000,10000,20,9981,9981,9981,10000,2626,0.002005,0,0.008703,0,0.000200,0.001899,0,42,32768
artificial_len10000,10000,50,9951,9951,9951,10000,2618,0.002427,0,0.009462,0,0.000000,0.002268,0,42,32768
artificial_len10000,10000,100,9901,9901,9901,10000,2605,0.003147,0,0.010879,0,0.000000,0.002961,0,42,32768
artificial_len10000,10000,200,9801,9801,9801,10000,2579,0.004540,0,0.013861,0,0.000100,0.004394,0,42,32768
artificial_len50000,50000,10,49991,48835,10000,10000,12851,0.006898,0,0.006412,0,0.000100,0.006975,0,42,131072
artificial_len50000,50000,20,49981,49981,10000,10000,13152,0.010037,0,0.008810,0,0.000100,0.009511,0,42,131072
artificial_len50000,50000,50,49951,49951,10000,10000,13145,0.012132,0,0.009880,0,0.000000,0.012150,0,42,131072
artificial_len50000,50000,100,49901,49901,10000,10000,13131,0.015646,0,0.010951,0,0.000100,0.015157,0,42,131072
artificial_len50000,50000,200,49801,49801,10000,10000,13105,0.023215,0,0.014191,0,0.000000,0.022557,0,42,131072
artificial_len100000,100000,10,99991,95322,10000,10000,25084,0.013391,0,0.006393,0,0.000100,0.013491,0,42,262144
artificial_len100000,100000,20,99981,99981,10000,10000,26310,0.019979,0,0.008763,0,0.000100,0.018835,0,42,262144
artificial_len100000,100000,50,99951,99951,10000,10000,26302,0.024352,0,0.009570,0,0.000100,0.022958,0,42,262144
artificial_len100000,100000,100,99901,99901,10000,10000,26289,0.031393,0,0.011015,0,0.000000,0.030503,0,42,262144
artificial_len100000,100000,200,99801,99801,10000,10000,26263,0.046878,0,0.014384,0,0.000000,0.045451,0,42,262144
artificial_len500000,500000,10,499991,397754,10000,10000,104672,0.057032,0,0.006603,0,0.000000,0.055902,0,42,1048576
artificial_len500000,500000,20,499981,499981,10000,10000,131573,0.102728,0,0.008797,0,0.000000,0.094607,0,42,2097152
artificial_len500000,500000,50,499951,499951,10000,10000,131566,0.121400,0,0.009837,0,0.000100,0.116889,0,42,2097152
artificial_len500000,500000,100,499901,499901,10000,10000,131552,0.163802,0,0.011255,0,0.000000,0.157413,0,42,2097152
artificial_len500000,500000,200,499801,499801,10000,10000,131526,0.242252,0,0.014889,0,0.000300,0.241157,0,42,2097152
artificial_len1000000,1000000,10,999991,644941,10000,10000,169721,0.089208,0,0.006576,0,0.000000,0.089847,0,42,2097152
artificial_len1000000,1000000,20,999981,999981,10000,10000,263152,0.208252,0,0.008982,0,0.000100,0.205300,0,42,4194304
artificial_len1000000,1000000,50,999951,999951,10000,10000,263145,0.263978,0,0.010239,0,0.000100,0.250851,0,42,4194304
artificial_len1000000,1000000,100,999901,999901,10000,10000,263131,0.352698,0,0.012472,0,0.000000,0.350094,0,42,4194304
artificial_len1000000,1000000,200,999801,999801,10000,10000,263105,0.524012,0,0.015769,0,0.000100,0.517143,0,42,4194304
artificial_len5000000,5000000,10,4999991,1039671,10000,8905,273597,0.150697,0,0.006422,0,0.000112,0.149035,0,42,4194304
artificial_len5000000,5000000,20,4999981,4999967,10000,10000,1315780,1.386992,0,0.010790,0,0.000000,1.353986,0,42,16777216
artificial_len5000000,5000000,50,4999951,4999951,10000,10000,1315776,1.632876,0,0.011513,0,0.000100,1.578375,0,42,16777216
artificial_len5000000,5000000,100,4999901,4999901,10000,10000,1315763,2.018265,0,0.013568,0,0.000200,1.993577,0,42,16777216
artificial_len5000000,5000000,200,4999801,4999801,10000,10000,1315737,2.873372,0,0.016622,0,0.000100,2.829842,0,42,16777216
artificial_len10000000,10000000,10,9999991,1048488,10000,88,275917,0.153210,0,0.003318,0,0.000000,0.159916,0,42,4194304
artificial_len10000000,10000000,20,9999981,9999928,10000,10000,2631560,2.977593,0,0.013796,0,0.000100,2.878184,0,42,33554432
artificial_len10000000,10000000,50,9999951,9999951,10000,10000,2631566,3.384734,0,0.011823,0,0.000200,3.306516,0,42,33554432
artificial_len10000000,10000000,100,9999901,9999901,10000,10000,2631552,4.204176,0,0.013327,0,0.000000,4.104079,0,42,33554432
artificial_len10000000,10000000,200,9999801,9999801,10000,10000,2631526,5.811355,0,0.016602,0,0.000000,6.045324,0,42,33554432
